<?xml version="1.0" standalone="no"?>
<!DOCTYPE svg PUBLIC "-//W3C//DTD SVG 20010904//EN"
 "http://www.w3.org/TR/2001/REC-SVG-20010904/DTD/svg10.dtd">
<svg version="1.0" xmlns="http://www.w3.org/2000/svg"
 width="1080.000000pt" height="1080.000000pt" viewBox="0 0 1080.000000 1080.000000"
 preserveAspectRatio="xMidYMid meet">

<g transform="translate(0.000000,1080.000000) scale(0.100000,-0.100000)"
fill="#000000" stroke="none">
<path d="M1655 5782 c-46 -29 -67 -58 -80 -109 -11 -41 -16 -48 -50 -60 -135
-47 -156 -206 -42 -318 l51 -50 0 -80 c2 -163 80 -207 274 -151 49 14 58 14
129 -4 189 -49 257 -3 252 167 -2 73 -2 75 29 93 54 33 86 93 90 170 6 98 -35
160 -116 176 -25 5 -31 12 -37 43 -9 49 -41 99 -79 122 -55 34 -157 21 -195
-25 -12 -14 -17 -12 -48 11 -47 36 -134 43 -178 15z m120 -94 c51 -40 68 -113
40 -168 -30 -57 -93 -46 -135 23 -24 38 -26 87 -5 127 23 45 58 52 100 18z
m247 11 c33 -18 50 -73 38 -119 -34 -126 -160 -128 -160 -3 0 89 64 153 122
122z m-398 -205 c14 -15 31 -44 37 -65 10 -32 9 -42 -5 -64 -23 -34 -40 -40
-77 -24 -40 16 -69 63 -69 111 0 69 63 92 114 42z m580 4 c30 -42 12 -106 -40
-147 -33 -26 -58 -27 -84 -1 -24 24 -26 70 -5 110 31 60 100 80 129 38z m-257
-89 c114 -70 189 -243 134 -310 l-18 -23 -85 23 c-96 26 -146 25 -251 -4 -68
-20 -69 -20 -84 0 -19 26 -13 127 11 176 46 97 156 176 226 164 19 -4 49 -16
67 -26z"/>
<path d="M3105 5611 c-94 -6 -100 -7 -103 -28 -3 -17 3 -26 22 -33 l26 -10 0
-144 c0 -138 -1 -144 -22 -159 -19 -12 -21 -19 -12 -33 14 -23 45 -32 109 -32
102 0 136 27 91 71 -21 21 -26 35 -24 60 3 32 3 32 68 37 102 8 150 47 157
127 5 62 -22 107 -80 133 -43 20 -53 21 -232 11z m150 -86 c44 -43 22 -115
-36 -115 l-29 0 0 64 c0 61 5 72 33 75 4 1 19 -10 32 -24z"/>
<path d="M4135 5595 c-15 -14 -25 -36 -25 -53 0 -67 -98 -281 -141 -306 -36
-22 -37 -43 -1 -57 38 -15 129 -6 150 15 16 16 16 18 -7 35 -16 12 -22 24 -18
35 9 24 145 23 154 0 4 -10 -1 -22 -11 -30 -24 -17 -16 -47 14 -55 40 -11 154
-10 189 2 35 12 44 53 13 61 -11 3 -46 63 -94 160 -103 208 -160 257 -223 193z
m65 -185 c11 -21 20 -42 20 -45 0 -3 -20 -5 -45 -5 -25 0 -45 5 -45 10 0 21
29 80 39 80 6 0 20 -18 31 -40z"/>
<path d="M5029 5603 c-23 -17 -53 -96 -45 -121 13 -38 47 -35 87 9 21 23 43
38 48 34 12 -7 15 -165 4 -228 -4 -28 -13 -42 -30 -50 -35 -16 -27 -49 17 -64
73 -25 214 -10 227 24 4 10 -5 25 -25 42 l-32 26 0 122 c0 141 8 155 55 99 25
-30 37 -37 61 -34 27 3 29 6 32 49 2 37 -2 52 -21 74 l-23 28 -168 1 c-121 1
-174 -3 -187 -11z"/>
<path d="M6130 5607 c-42 -15 -50 -41 -18 -66 22 -18 23 -25 23 -149 0 -125
-1 -132 -24 -156 -24 -25 -24 -27 -8 -44 14 -13 35 -17 95 -17 99 0 132 9 132
36 0 11 -9 28 -21 37 -40 33 -39 265 2 300 28 24 24 48 -12 61 -41 14 -124 13
-169 -2z"/>
<path d="M7023 5591 c-29 -30 -45 -88 -33 -111 19 -35 41 -32 81 11 21 22 43
38 48 34 14 -8 15 -214 2 -248 -6 -14 -19 -28 -31 -32 -34 -11 -22 -48 20 -62
72 -24 214 -10 227 23 3 10 -6 27 -26 44 l-31 29 0 113 c0 62 4 119 8 126 12
18 34 7 54 -28 13 -23 24 -30 47 -30 41 0 55 27 41 78 -19 71 -28 74 -217 76
-165 1 -168 1 -190 -23z"/>
<path d="M8141 5603 c-14 -12 -24 -37 -30 -74 -9 -51 -75 -215 -108 -266 -8
-12 -23 -25 -34 -28 -25 -8 -25 -41 0 -55 26 -14 104 -13 136 2 30 14 33 44 4
53 -12 4 -19 14 -17 23 3 14 17 18 73 20 85 3 111 -9 78 -37 -33 -28 -28 -48
13 -61 45 -15 187 -8 208 10 23 18 20 39 -8 51 -16 8 -38 43 -71 113 -27 55
-66 131 -87 168 -52 92 -109 120 -157 81z m59 -185 c30 -49 26 -58 -25 -58
-25 0 -45 2 -45 5 0 15 34 85 41 85 5 0 18 -15 29 -32z"/>
<path d="M9136 5606 c-150 -56 -137 -216 24 -276 70 -26 88 -43 70 -65 -29
-35 -106 -11 -153 49 -34 43 -57 39 -57 -11 0 -57 27 -101 69 -113 120 -34
226 -17 279 45 80 90 35 191 -100 225 -58 15 -87 42 -68 65 18 22 52 18 91
-10 59 -43 77 -49 94 -35 21 18 19 52 -8 91 -18 27 -30 34 -57 35 -19 1 -60 4
-90 8 -37 4 -67 2 -94 -8z"/>
</g>
</svg>
